(0, 3, 2); (1, 3, 4); (2, 2, 7); (3, 2, 3); (4, 3, 1); (5, 3, 7); (6, 3, 2); (7, 3, 3); (8, 3, 1); (9, 2, 7); (10, 3, 1); (11, 3, 3); (12, 3, 3); (13, 2, 1); (14, 3, 6); (15, 3, 7); (16, 2, 8); (17, 2, 5); (18, 3, 1); (19, 3, 6); 
Clientii sortati in functie de arrival time: 
(4, 3, 1); (8, 3, 1); (10, 3, 1); (13, 2, 1); (18, 3, 1); (0, 3, 2); (6, 3, 2); (3, 2, 3); (7, 3, 3); (11, 3, 3); (12, 3, 3); (1, 3, 4); (17, 2, 5); (14, 3, 6); (19, 3, 6); (2, 2, 7); (5, 3, 7); (9, 2, 7); (15, 3, 7); (16, 2, 8); 

Time : 0
Waiting clients: (4, 3, 1); (8, 3, 1); (10, 3, 1); (13, 2, 1); (18, 3, 1); (0, 3, 2); (6, 3, 2); (3, 2, 3); (7, 3, 3); (11, 3, 3); (12, 3, 3); (1, 3, 4); (17, 2, 5); (14, 3, 6); (19, 3, 6); (2, 2, 7); (5, 3, 7); (9, 2, 7); (15, 3, 7); (16, 2, 8); 
Queue 0: 
Queue 1: 

Time : 1
Waiting clients: (0, 3, 2); (6, 3, 2); (3, 2, 3); (7, 3, 3); (11, 3, 3); (12, 3, 3); (1, 3, 4); (17, 2, 5); (14, 3, 6); (19, 3, 6); (2, 2, 7); (5, 3, 7); (9, 2, 7); (15, 3, 7); (16, 2, 8); 
Queue 0: (4, 3, 1); (10, 3, 1); 
Queue 1: (8, 3, 1); (13, 2, 1); (18, 3, 1); 

Time : 2
Waiting clients: (3, 2, 3); (7, 3, 3); (11, 3, 3); (12, 3, 3); (1, 3, 4); (17, 2, 5); (14, 3, 6); (19, 3, 6); (2, 2, 7); (5, 3, 7); (9, 2, 7); (15, 3, 7); (16, 2, 8); 
Queue 0: (4, 2, 1); (10, 3, 1); (0, 3, 2); 
Queue 1: (8, 2, 1); (13, 2, 1); (18, 3, 1); (6, 3, 2); 

Time : 3
Waiting clients: (1, 3, 4); (17, 2, 5); (14, 3, 6); (19, 3, 6); (2, 2, 7); (5, 3, 7); (9, 2, 7); (15, 3, 7); (16, 2, 8); 
Queue 0: (4, 1, 1); (10, 3, 1); (0, 3, 2); (3, 2, 3); (7, 3, 3); (12, 3, 3); 
Queue 1: (8, 1, 1); (13, 2, 1); (18, 3, 1); (6, 3, 2); (11, 3, 3); 

Time : 4
Waiting clients: (17, 2, 5); (14, 3, 6); (19, 3, 6); (2, 2, 7); (5, 3, 7); (9, 2, 7); (15, 3, 7); (16, 2, 8); 
Queue 0: (10, 3, 1); (0, 3, 2); (3, 2, 3); (7, 3, 3); (12, 3, 3); 
Queue 1: (13, 2, 1); (18, 3, 1); (6, 3, 2); (11, 3, 3); (1, 3, 4); 

Time : 5
Waiting clients: (14, 3, 6); (19, 3, 6); (2, 2, 7); (5, 3, 7); (9, 2, 7); (15, 3, 7); (16, 2, 8); 
Queue 0: (10, 2, 1); (0, 3, 2); (3, 2, 3); (7, 3, 3); (12, 3, 3); (17, 2, 5); 
Queue 1: (13, 1, 1); (18, 3, 1); (6, 3, 2); (11, 3, 3); (1, 3, 4); 

Time : 6
Waiting clients: (2, 2, 7); (5, 3, 7); (9, 2, 7); (15, 3, 7); (16, 2, 8); 
Queue 0: (10, 1, 1); (0, 3, 2); (3, 2, 3); (7, 3, 3); (12, 3, 3); (17, 2, 5); 
Queue 1: (18, 3, 1); (6, 3, 2); (11, 3, 3); (1, 3, 4); (14, 3, 6); (19, 3, 6); 

Time : 7
Waiting clients: (16, 2, 8); 
Queue 0: (0, 3, 2); (3, 2, 3); (7, 3, 3); (12, 3, 3); (17, 2, 5); (2, 2, 7); (5, 3, 7); (9, 2, 7); 
Queue 1: (18, 2, 1); (6, 3, 2); (11, 3, 3); (1, 3, 4); (14, 3, 6); (19, 3, 6); (15, 3, 7); 

Time : 8
Waiting clients: 
Queue 0: (0, 2, 2); (3, 2, 3); (7, 3, 3); (12, 3, 3); (17, 2, 5); (2, 2, 7); (5, 3, 7); (9, 2, 7); (16, 2, 8); 
Queue 1: (18, 1, 1); (6, 3, 2); (11, 3, 3); (1, 3, 4); (14, 3, 6); (19, 3, 6); (15, 3, 7); 

Time : 9
Waiting clients: 
Queue 0: (0, 1, 2); (3, 2, 3); (7, 3, 3); (12, 3, 3); (17, 2, 5); (2, 2, 7); (5, 3, 7); (9, 2, 7); (16, 2, 8); 
Queue 1: (6, 3, 2); (11, 3, 3); (1, 3, 4); (14, 3, 6); (19, 3, 6); (15, 3, 7); 

Time : 10
Waiting clients: 
Queue 0: (3, 2, 3); (7, 3, 3); (12, 3, 3); (17, 2, 5); (2, 2, 7); (5, 3, 7); (9, 2, 7); (16, 2, 8); 
Queue 1: (6, 2, 2); (11, 3, 3); (1, 3, 4); (14, 3, 6); (19, 3, 6); (15, 3, 7); 

Time : 11
Waiting clients: 
Queue 0: (3, 1, 3); (7, 3, 3); (12, 3, 3); (17, 2, 5); (2, 2, 7); (5, 3, 7); (9, 2, 7); (16, 2, 8); 
Queue 1: (6, 1, 2); (11, 3, 3); (1, 3, 4); (14, 3, 6); (19, 3, 6); (15, 3, 7); 

Time : 12
Waiting clients: 
Queue 0: (7, 3, 3); (12, 3, 3); (17, 2, 5); (2, 2, 7); (5, 3, 7); (9, 2, 7); (16, 2, 8); 
Queue 1: (11, 3, 3); (1, 3, 4); (14, 3, 6); (19, 3, 6); (15, 3, 7); 

Time : 13
Waiting clients: 
Queue 0: (7, 2, 3); (12, 3, 3); (17, 2, 5); (2, 2, 7); (5, 3, 7); (9, 2, 7); (16, 2, 8); 
Queue 1: (11, 2, 3); (1, 3, 4); (14, 3, 6); (19, 3, 6); (15, 3, 7); 

Time : 14
Waiting clients: 
Queue 0: (7, 1, 3); (12, 3, 3); (17, 2, 5); (2, 2, 7); (5, 3, 7); (9, 2, 7); (16, 2, 8); 
Queue 1: (11, 1, 3); (1, 3, 4); (14, 3, 6); (19, 3, 6); (15, 3, 7); 

Time : 15
Waiting clients: 
Queue 0: (12, 3, 3); (17, 2, 5); (2, 2, 7); (5, 3, 7); (9, 2, 7); (16, 2, 8); 
Queue 1: (1, 3, 4); (14, 3, 6); (19, 3, 6); (15, 3, 7); 

Time : 16
Waiting clients: 
Queue 0: (12, 2, 3); (17, 2, 5); (2, 2, 7); (5, 3, 7); (9, 2, 7); (16, 2, 8); 
Queue 1: (1, 2, 4); (14, 3, 6); (19, 3, 6); (15, 3, 7); 

Time : 17
Waiting clients: 
Queue 0: (12, 1, 3); (17, 2, 5); (2, 2, 7); (5, 3, 7); (9, 2, 7); (16, 2, 8); 
Queue 1: (1, 1, 4); (14, 3, 6); (19, 3, 6); (15, 3, 7); 

Time : 18
Waiting clients: 
Queue 0: (17, 2, 5); (2, 2, 7); (5, 3, 7); (9, 2, 7); (16, 2, 8); 
Queue 1: (14, 3, 6); (19, 3, 6); (15, 3, 7); 

Time : 19
Waiting clients: 
Queue 0: (17, 1, 5); (2, 2, 7); (5, 3, 7); (9, 2, 7); (16, 2, 8); 
Queue 1: (14, 2, 6); (19, 3, 6); (15, 3, 7); 

Average waiting time : 7.3076923076923075
Average service time : 2.769230769230769
Peak hour : 8
